linkID,enterNodeID,exitNodeID,travelDirection,startTravelTime,whichDay,whichPeriod,travelTime,meanSpeed,speedDeviation,flow,density
603,608,654,-1,2014-07-29 23:45:00,2,96,78.007783,6.27,0.0,1,2.044535
603,608,654,-1,2014-07-29 23:30:00,2,95,140.953545,3.47,0.0,1,2.044535
603,608,654,-1,2014-07-29 23:15:00,2,94,161.422046,3.03,0.17,5,10.222674
603,608,654,-1,2014-07-29 23:00:00,2,93,158.287638,3.09,0.95,3,6.133605
603,608,654,-1,2014-07-29 22:45:00,2,92,126.720875,4.15,0.28,3,6.133605
603,608,654,-1,2014-07-29 22:30:00,2,91,96.092102,5.09,0.0,1,2.044535
603,608,654,-1,2014-07-29 22:15:00,2,90,91.081713,5.37,0.0,1,2.044535
603,608,654,-1,2014-07-29 22:00:00,2,89,119.879608,4.08,0.44,2,4.089070
603,608,654,-1,2014-07-29 21:45:00,2,88,130.082128,3.76,0.17,2,4.089070
603,608,654,-1,2014-07-29 21:30:00,2,87,119.004574,4.11,0.0,1,2.044535
603,608,654,-1,2014-07-29 21:15:00,2,86,115.355849,4.24,1.08,6,12.267209
603,608,654,-1,2014-07-29 21:00:00,2,85,72.033697,6.79,0.0,1,2.044535
603,608,654,-1,2014-07-29 20:45:00,2,84,84.039313,5.82,0.77,2,4.089070
603,608,654,-1,2014-07-29 20:30:00,2,83,140.548506,3.48,0.31,2,4.089070
603,608,654,-1,2014-07-29 20:15:00,2,82,96.092102,5.09,0.0,1,2.044535
603,608,654,-1,2014-07-29 20:00:00,2,81,110.408307,4.43,0.88,2,4.089070
603,608,654,-1,2014-07-29 19:45:00,2,80,108.252071,4.67,0.42,2,4.089070
603,608,654,-1,2014-07-29 19:30:00,2,79,85.959367,5.69,0.0,1,2.044535
603,608,654,-1,2014-07-29 19:15:00,2,78,140.548506,3.48,0.78,3,6.133605
603,608,654,-1,2014-07-29 19:00:00,2,77,132.191568,3.7,0.83,7,14.311744
603,608,654,-1,2014-07-29 18:45:00,2,76,128.552300,3.83,1.16,4,8.178140
603,608,654,-1,2014-07-29 18:30:00,2,75,115.084424,4.25,2.05,2,4.089070
603,608,654,-1,2014-07-29 18:15:00,2,74,118.731364,4.16,1.45,4,8.178140
603,608,654,-1,2014-07-29 18:00:00,2,73,126.384703,3.87,0.99,2,4.089070
603,608,654,-1,2014-07-29 17:45:00,2,72,101.264762,4.83,1.94,3,6.133605
603,608,654,-1,2014-07-29 17:30:00,2,71,101.643720,5.09,0.73,2,4.089070
603,608,654,-1,2014-07-29 17:15:00,2,70,101.643720,5.09,0.73,2,4.089070
603,608,654,-1,2014-07-29 17:00:00,2,69,101.643720,5.09,0.73,2,4.089070
603,608,654,-1,2014-07-29 16:45:00,2,68,67.001205,7.3,0.0,1,2.044535
603,608,654,-1,2014-07-29 16:30:00,2,67,111.924211,4.37,0.0,1,2.044535
603,608,654,-1,2014-07-29 16:15:00,2,66,107.025996,4.57,0.0,1,2.044535
603,608,654,-1,2014-07-29 16:00:00,2,65,153.807799,3.18,0.0,1,2.044535
603,608,654,-1,2014-07-29 15:45:00,2,64,141.770667,3.45,0.8,7,14.311744
603,608,654,-1,2014-07-29 15:30:00,2,63,112.438805,4.35,0.76,3,6.133605
603,608,654,-1,2014-07-29 15:15:00,2,62,82.065235,5.96,0.0,1,2.044535
603,608,654,-1,2014-07-29 15:00:00,2,61,133.636284,3.66,0.62,3,6.133605
603,608,654,-1,2014-07-29 14:45:00,2,60,152.370343,3.21,0.13,2,4.089070
603,608,654,-1,2014-07-29 14:30:00,2,59,114.011375,4.29,0.0,1,2.044535
603,608,654,-1,2014-07-29 14:15:00,2,58,131.480860,3.72,0.12,2,4.089070
603,608,654,-1,2014-07-29 14:00:00,2,57,142.182791,3.44,0.0,1,2.044535
603,608,654,-1,2014-07-29 13:45:00,2,56,122.891658,3.98,0.72,6,12.267209
603,608,654,-1,2014-07-29 13:30:00,2,55,122.891658,3.98,1.04,2,4.089070
603,608,654,-1,2014-07-29 13:15:00,2,54,91.937744,5.32,0.23,4,8.178140
603,608,654,-1,2014-07-29 13:00:00,2,53,198.824715,2.46,0.0,1,2.044535
603,608,654,-1,2014-07-29 12:45:00,2,52,144.706746,3.38,2.35,2,4.089070
603,608,654,-1,2014-07-29 12:30:00,2,51,164.683098,2.97,0.37,5,10.222674
603,608,654,-1,2014-07-29 12:15:00,2,50,200.454426,2.44,0.24,4,8.178140
603,608,654,-1,2014-07-29 12:00:00,2,49,276.332655,1.77,0.04,2,4.089070
603,608,654,-1,2014-07-29 11:45:00,2,48,202.111074,2.42,0.08,2,4.089070
603,608,654,-1,2014-07-29 11:30:00,2,47,385.125039,1.27,0.3,2,4.089070
603,608,654,-1,2014-07-29 11:15:00,2,46,243.662636,2.19,0.10,2,4.089070
603,608,654,-1,2014-07-29 11:00:00,2,45,243.662636,2.19,0.10,2,4.089070
603,608,654,-1,2014-07-29 10:45:00,2,44,243.662636,2.19,0.10,2,4.089070
603,608,654,-1,2014-07-29 10:30:00,2,43,243.662636,2.19,0.10,2,4.089070
603,608,654,-1,2014-07-29 10:15:00,2,42,243.662636,2.19,0.10,2,4.089070
603,608,654,-1,2014-07-29 10:00:00,2,41,193.323636,2.53,0.0,1,2.044535
603,608,654,-1,2014-07-29 09:45:00,2,40,194.090794,2.52,0.0,1,2.044535
603,608,654,-1,2014-07-29 09:30:00,2,39,194.090794,2.52,0.88,3,6.133605
603,608,654,-1,2014-07-29 09:15:00,2,38,344.442817,1.42,0.0,1,2.044535
603,608,654,-1,2014-07-29 09:00:00,2,37,281.097011,1.74,0.0,1,2.044535
603,608,654,-1,2014-07-29 08:45:00,2,36,204.648033,2.39,0.0,1,2.044535
603,608,654,-1,2014-07-29 08:30:00,2,35,440.638559,1.11,0.0,1,2.044535
603,608,654,-1,2014-07-29 08:15:00,2,34,288.243942,1.85,0.07,2,4.089070
603,608,654,-1,2014-07-29 08:00:00,2,33,288.243942,1.85,0.07,2,4.089070
603,608,654,-1,2014-07-29 07:45:00,2,32,288.243942,1.85,0.07,2,4.089070
603,608,654,-1,2014-07-29 07:30:00,2,31,288.243942,1.85,0.07,2,4.089070
603,608,654,-1,2014-07-29 07:15:00,2,30,288.243942,1.85,0.07,2,4.089070
603,608,654,-1,2014-07-29 07:00:00,2,29,232.908952,2.1,0.17,3,6.133605
603,608,654,-1,2014-07-29 06:45:00,2,28,274.780225,1.78,0.12,2,4.089070
603,608,654,-1,2014-07-29 06:30:00,2,27,81.927772,5.97,1.49,5,10.222674
603,608,654,-1,2014-07-29 06:15:00,2,26,148.378901,4.08,0.41,3,6.133605
603,608,654,-1,2014-07-29 06:00:00,2,25,148.378901,4.08,0.41,3,6.133605
603,608,654,-1,2014-07-29 05:45:00,2,24,148.378901,4.08,0.41,3,6.133605
603,608,654,-1,2014-07-29 05:30:00,2,23,96.661818,5.06,0.03,2,4.089070
603,608,654,-1,2014-07-29 05:15:00,2,22,140.145788,3.49,0.0,1,2.044535
603,608,654,-1,2014-07-29 05:00:00,2,21,117.714746,4.24,0.01,2,4.089070
603,608,654,-1,2014-07-29 04:45:00,2,20,109.912090,4.45,0.0,1,2.044535
603,608,654,-1,2014-07-29 04:30:00,2,19,108.795826,4.98,0.00,1,2.044535
603,608,654,-1,2014-07-29 04:15:00,2,18,108.795826,4.98,0.00,1,2.044535
603,608,654,-1,2014-07-29 04:00:00,2,17,108.795826,4.98,0.00,1,2.044535
603,608,654,-1,2014-07-29 03:45:00,2,16,108.795826,4.98,0.00,1,2.044535
603,608,654,-1,2014-07-29 03:30:00,2,15,108.795826,4.98,0.00,1,2.044535
603,608,654,-1,2014-07-29 03:15:00,2,14,124.139289,3.94,0.0,1,2.044535
603,608,654,-1,2014-07-29 03:00:00,2,13,109.936065,4.95,0.04,2,4.089070
603,608,654,-1,2014-07-29 02:45:00,2,12,109.936065,4.95,0.04,2,4.089070
603,608,654,-1,2014-07-29 02:30:00,2,11,109.936065,4.95,0.04,2,4.089070
603,608,654,-1,2014-07-29 02:15:00,2,10,109.936065,4.95,0.04,2,4.089070
603,608,654,-1,2014-07-29 02:00:00,2,9,109.936065,4.95,0.04,2,4.089070
603,608,654,-1,2014-07-29 01:45:00,2,8,60.986135,8.02,0.0,1,2.044535
603,608,654,-1,2014-07-29 01:30:00,2,7,144.706746,3.38,0.15,4,8.178140
603,608,654,-1,2014-07-29 01:15:00,2,6,107.064429,5.62,0.20,3,6.133605
603,608,654,-1,2014-07-29 01:00:00,2,5,60.608278,8.07,0.65,3,6.133605
603,608,654,-1,2014-07-29 00:45:00,2,4,119.357805,4.73,0.66,3,6.133605
603,608,654,-1,2014-07-29 00:30:00,2,3,161.956556,3.02,0.0,1,2.044535
603,608,654,-1,2014-07-29 00:15:00,2,2,110.159640,4.44,1.83,2,4.089070
603,608,654,-1,2014-07-29 00:00:00,2,1,152.370343,3.21,0.56,3,6.133605
603,608,654,-1,2014-07-28 23:45:00,1,96,127.041247,3.85,0.56,7,14.311744
603,608,654,-1,2014-07-28 23:30:00,1,95,102.538532,4.77,0.39,2,4.089070
603,608,654,-1,2014-07-28 23:15:00,1,94,90.912416,5.38,1.14,4,8.178140
603,608,654,-1,2014-07-28 23:00:00,1,93,111.668676,4.38,1.57,2,4.089070
603,608,654,-1,2014-07-28 22:45:00,1,92,91.389925,5.46,1.02,3,6.133605
603,608,654,-1,2014-07-28 22:30:00,1,91,75.948571,6.44,1.38,3,6.133605
603,608,654,-1,2014-07-28 22:15:00,1,90,87.030036,5.62,0.0,1,2.044535
603,608,654,-1,2014-07-28 22:00:00,1,89,120.470148,4.06,1.44,3,6.133605
603,608,654,-1,2014-07-28 21:45:00,1,88,116.454476,4.2,1.1,4,8.178140
603,608,654,-1,2014-07-28 21:30:00,1,87,127.372083,3.84,0.43,6,12.267209
603,608,654,-1,2014-07-28 21:15:00,1,86,60.986135,8.02,2.63,2,4.089070
603,608,654,-1,2014-07-28 21:00:00,1,85,126.058969,3.88,0.0,1,2.044535
603,608,654,-1,2014-07-28 20:45:00,1,84,128.712842,3.8,0.12,6,12.267209
603,608,654,-1,2014-07-28 20:30:00,1,83,132.549810,3.69,0.75,3,6.133605
603,608,654,-1,2014-07-28 20:15:00,1,82,138.166328,3.54,0.0,1,2.044535
603,608,654,-1,2014-07-28 20:00:00,1,81,164.130470,2.98,0.17,4,8.178140
603,608,654,-1,2014-07-28 19:45:00,1,80,173.442837,2.82,0.3,5,10.222674
603,608,654,-1,2014-07-28 19:30:00,1,79,117.011675,4.18,0.14,4,8.178140
603,608,654,-1,2014-07-28 19:15:00,1,78,129.393862,3.78,0.02,4,8.178140
603,608,654,-1,2014-07-28 19:00:00,1,77,252.117938,1.94,0.04,2,4.089070
603,608,654,-1,2014-07-28 18:45:00,1,76,153.807799,3.18,0.0,1,2.044535
603,608,654,-1,2014-07-28 18:30:00,1,75,246.470960,2.18,0.36,2,4.089070
603,608,654,-1,2014-07-28 18:15:00,1,74,220.319279,2.22,1.38,3,6.133605
603,608,654,-1,2014-07-28 18:00:00,1,73,281.263235,2.00,0.42,2,4.089070
603,608,654,-1,2014-07-28 17:45:00,1,72,281.263235,2.00,0.42,2,4.089070
603,608,654,-1,2014-07-28 17:30:00,1,71,359.638824,1.36,0.0,1,2.044535
603,608,654,-1,2014-07-28 17:15:00,1,70,276.777175,2.11,0.42,2,4.089070
603,608,654,-1,2014-07-28 17:00:00,1,69,391.287040,1.25,0.3,2,4.089070
603,608,654,-1,2014-07-28 16:45:00,1,68,293.204490,1.98,0.08,2,4.089070
603,608,654,-1,2014-07-28 16:30:00,1,67,293.204490,1.98,0.08,2,4.089070
603,608,654,-1,2014-07-28 16:15:00,1,66,293.204490,1.98,0.08,2,4.089070
603,608,654,-1,2014-07-28 16:00:00,1,65,293.204490,1.98,0.08,2,4.089070
603,608,654,-1,2014-07-28 15:45:00,1,64,293.204490,1.98,0.08,2,4.089070
603,608,654,-1,2014-07-28 15:30:00,1,63,293.204490,1.98,0.08,2,4.089070
603,608,654,-1,2014-07-28 15:15:00,1,62,293.204490,1.98,0.08,2,4.089070
603,608,654,-1,2014-07-28 15:00:00,1,61,293.204490,1.98,0.08,2,4.089070
603,608,654,-1,2014-07-28 14:45:00,1,60,293.204490,1.98,0.08,2,4.089070
603,608,654,-1,2014-07-28 14:30:00,1,59,135.863556,3.6,0.0,1,2.044535
603,608,654,-1,2014-07-28 14:15:00,1,58,286.028538,1.71,0.0,1,2.044535
603,608,654,-1,2014-07-28 14:00:00,1,57,143.855529,3.4,0.52,4,8.178140
603,608,654,-1,2014-07-28 13:45:00,1,56,102.970274,4.75,0.65,4,8.178140
603,608,654,-1,2014-07-28 13:30:00,1,55,96.661818,5.06,2.34,2,4.089070
603,608,654,-1,2014-07-28 13:15:00,1,54,178.506861,2.74,0.41,3,6.133605
603,608,654,-1,2014-07-28 13:00:00,1,53,113.482320,4.31,0.02,2,4.089070
603,608,654,-1,2014-07-28 12:45:00,1,52,183.875489,2.66,0.38,2,4.089070
603,608,654,-1,2014-07-28 12:30:00,1,51,93.699004,5.22,1.14,5,10.222674
603,608,654,-1,2014-07-28 12:15:00,1,50,125.412513,3.9,2.1,2,4.089070
603,608,654,-1,2014-07-28 12:00:00,1,49,125.091765,3.91,0.0,1,2.044535
603,608,654,-1,2014-07-28 11:45:00,1,48,117.011675,4.18,0.36,2,4.089070
603,608,654,-1,2014-07-28 11:30:00,1,47,99.009879,4.94,0.0,4,8.178140
603,608,654,-1,2014-07-28 11:15:00,1,46,150.959506,3.24,0.46,3,6.133605
603,608,654,-1,2014-07-28 11:00:00,1,45,185.268485,2.64,0.32,3,6.133605
603,608,654,-1,2014-07-28 10:45:00,1,44,185.972928,2.63,0.23,4,8.178140
603,608,654,-1,2014-07-28 10:30:00,1,43,166.363537,2.94,2.41,2,4.089070
603,608,654,-1,2014-07-28 10:15:00,1,42,88.928873,5.5,0.0,1,2.044535
603,608,654,-1,2014-07-28 10:00:00,1,41,199.636245,2.45,0.0,1,2.044535
603,608,654,-1,2014-07-28 09:45:00,1,40,271.727111,1.8,0.22,7,14.311744
603,608,654,-1,2014-07-28 09:30:00,1,39,326.072533,1.5,0.26,3,6.133605
603,608,654,-1,2014-07-28 09:15:00,1,38,347.732923,1.44,0.12,3,6.133605
603,608,654,-1,2014-07-28 09:00:00,1,37,411.015798,1.19,0.0,1,2.044535
603,608,654,-1,2014-07-28 08:45:00,1,36,382.116250,1.28,0.0,1,2.044535
603,608,654,-1,2014-07-28 08:30:00,1,35,376.237538,1.3,0.41,2,4.089070
603,608,654,-1,2014-07-28 08:15:00,1,34,234.023349,2.09,0.0,1,2.044535
603,608,654,-1,2014-07-28 08:00:00,1,33,287.711059,1.7,0.0,1,2.044535
603,608,654,-1,2014-07-28 07:45:00,1,32,265.677719,1.93,0.00,2,4.089070
603,608,654,-1,2014-07-28 07:30:00,1,31,346.885674,1.41,0.0,4,8.178140
603,608,654,-1,2014-07-28 07:15:00,1,30,194.090794,2.52,0.0,1,2.044535
603,608,654,-1,2014-07-28 07:00:00,1,29,194.090794,2.52,0.54,5,10.222674
603,608,654,-1,2014-07-28 06:45:00,1,28,152.846500,3.2,0.16,4,8.178140
603,608,654,-1,2014-07-28 06:30:00,1,27,127.372083,3.84,0.33,3,6.133605
603,608,654,-1,2014-07-28 06:15:00,1,26,151.897143,3.22,1.13,3,6.133605
603,608,654,-1,2014-07-28 06:00:00,1,25,139.855013,3.59,0.37,2,4.089070
603,608,654,-1,2014-07-28 05:45:00,1,24,139.855013,3.59,0.37,2,4.089070
603,608,654,-1,2014-07-28 05:30:00,1,23,139.855013,3.59,0.37,2,4.089070
603,608,654,-1,2014-07-28 05:15:00,1,22,110.909025,4.41,0.0,1,2.044535
603,608,654,-1,2014-07-28 05:00:00,1,21,131.258608,3.95,0.28,2,4.089070
603,608,654,-1,2014-07-28 04:45:00,1,20,131.258608,3.95,0.28,2,4.089070
603,608,654,-1,2014-07-28 04:30:00,1,19,131.258608,3.95,0.28,2,4.089070
603,608,654,-1,2014-07-28 04:15:00,1,18,131.258608,3.95,0.28,2,4.089070
603,608,654,-1,2014-07-28 04:00:00,1,17,131.258608,3.95,0.28,2,4.089070
603,608,654,-1,2014-07-28 03:45:00,1,16,169.241799,2.89,0.0,1,2.044535
603,608,654,-1,2014-07-28 03:30:00,1,15,92.986464,5.26,0.0,1,2.044535
603,608,654,-1,2014-07-28 03:15:00,1,14,143.259385,3.89,0.64,2,4.089070
603,608,654,-1,2014-07-28 03:00:00,1,13,143.259385,3.89,0.64,2,4.089070
603,608,654,-1,2014-07-28 02:45:00,1,12,143.259385,3.89,0.64,2,4.089070
603,608,654,-1,2014-07-28 02:30:00,1,11,143.259385,3.89,0.64,2,4.089070
603,608,654,-1,2014-07-28 02:15:00,1,10,143.259385,3.89,0.64,2,4.089070
603,608,654,-1,2014-07-28 02:00:00,1,9,143.259385,3.89,0.64,2,4.089070
603,608,654,-1,2014-07-28 01:45:00,1,8,143.259385,3.89,0.64,2,4.089070
603,608,654,-1,2014-07-28 01:30:00,1,7,215.466432,2.27,0.0,1,2.044535
603,608,654,-1,2014-07-28 01:15:00,1,6,95.342846,5.13,2.55,3,6.133605
603,608,654,-1,2014-07-28 01:00:00,1,5,145.136142,3.37,0.0,1,2.044535
603,608,654,-1,2014-07-28 00:45:00,1,4,121.404682,4.13,0.95,2,4.089070
603,608,654,-1,2014-07-28 00:30:00,1,3,121.404682,4.13,0.95,2,4.089070
603,608,654,-1,2014-07-28 00:15:00,1,2,114.011375,4.29,1.25,2,4.089070
603,608,654,-1,2014-07-28 00:00:00,1,1,131.128365,3.73,0.0,1,2.044535
603,608,654,-1,2014-07-27 23:45:00,7,96,116.454476,4.2,0.29,3,6.133605
603,608,654,-1,2014-07-27 23:30:00,7,95,69.475682,7.04,0.77,2,4.089070
603,608,654,-1,2014-07-27 23:15:00,7,94,64.019476,7.64,3.88,2,4.089070
603,608,654,-1,2014-07-27 23:00:00,7,93,121.668856,4.02,1.42,2,4.089070
603,608,654,-1,2014-07-27 22:45:00,7,92,113.219630,4.32,0.23,4,8.178140
603,608,654,-1,2014-07-27 22:30:00,7,91,144.706746,3.38,0.17,4,8.178140
603,608,654,-1,2014-07-27 22:15:00,7,90,209.020855,2.34,0.9,8,16.356279
603,608,654,-1,2014-07-27 22:00:00,7,89,296.429576,1.65,0.0,1,2.044535
603,608,654,-1,2014-07-27 21:45:00,7,88,332.727075,1.47,0.0,1,2.044535
603,608,654,-1,2014-07-27 21:30:00,7,87,354.426667,1.38,0.34,3,6.133605
603,608,654,-1,2014-07-27 21:15:00,7,86,262.961720,1.86,0.26,2,4.089070
603,608,654,-1,2014-07-27 21:00:00,7,85,303.794286,1.61,0.0,1,2.044535
603,608,654,-1,2014-07-27 20:45:00,7,84,315.554065,1.55,0.0,1,2.044535
603,608,654,-1,2014-07-27 20:30:00,7,83,234.090829,2.36,0.03,2,4.089070
603,608,654,-1,2014-07-27 20:15:00,7,82,181.151407,2.7,0.0,1,2.044535
603,608,654,-1,2014-07-27 20:00:00,7,81,135.863556,3.6,0.13,4,8.178140
603,608,654,-1,2014-07-27 19:45:00,7,80,90.075285,5.43,0.0,1,2.044535
603,608,654,-1,2014-07-27 19:30:00,7,79,94.972583,5.15,0.0,1,2.044535
603,608,654,-1,2014-07-27 19:15:00,7,78,100.363485,5.08,0.20,2,4.089070
603,608,654,-1,2014-07-27 19:00:00,7,77,137.390112,3.56,0.31,2,4.089070
603,608,654,-1,2014-07-27 18:45:00,7,76,79.015961,6.19,0.47,2,4.089070
603,608,654,-1,2014-07-27 18:30:00,7,75,78.007783,6.27,0.0,1,2.044535
603,608,654,-1,2014-07-27 18:15:00,7,74,84.474750,5.79,0.51,2,4.089070
603,608,654,-1,2014-07-27 18:00:00,7,73,110.604657,4.78,0.98,2,4.089070
603,608,654,-1,2014-07-27 17:45:00,7,72,151.897143,3.22,1.76,3,6.133605
603,608,654,-1,2014-07-27 17:30:00,7,71,129.798028,4.00,0.98,2,4.089070
603,608,654,-1,2014-07-27 17:15:00,7,70,128.038953,3.82,1.66,2,4.089070
603,608,654,-1,2014-07-27 17:00:00,7,69,154.781266,3.16,0.0,1,2.044535
603,608,654,-1,2014-07-27 16:45:00,7,68,81.518133,6.0,1.91,3,6.133605
603,608,654,-1,2014-07-27 16:30:00,7,67,119.586504,4.09,0.05,2,4.089070
603,608,654,-1,2014-07-27 16:15:00,7,66,107.971038,4.53,0.0,1,2.044535
603,608,654,-1,2014-07-27 16:00:00,7,65,120.834027,4.07,0.72,3,6.133605
603,608,654,-1,2014-07-27 15:45:00,7,64,120.834027,4.07,0.72,3,6.133605
603,608,654,-1,2014-07-27 15:30:00,7,63,129.393862,3.78,1.95,3,6.133605
603,608,654,-1,2014-07-27 15:15:00,7,62,126.384703,3.87,0.88,3,6.133605
603,608,654,-1,2014-07-27 15:00:00,7,61,137.390112,3.56,0.88,6,12.267209
603,608,654,-1,2014-07-27 14:45:00,7,60,139.419531,3.94,0.59,4,8.178140
603,608,654,-1,2014-07-27 14:30:00,7,59,139.419531,3.94,0.59,4,8.178140
603,608,654,-1,2014-07-27 14:15:00,7,58,139.419531,3.94,0.59,4,8.178140
603,608,654,-1,2014-07-27 14:00:00,7,57,139.419531,3.94,0.59,4,8.178140
603,608,654,-1,2014-07-27 13:45:00,7,56,139.419531,3.94,0.59,4,8.178140
603,608,654,-1,2014-07-27 13:30:00,7,55,139.419531,3.94,0.59,4,8.178140
603,608,654,-1,2014-07-27 13:15:00,7,54,139.419531,3.94,0.59,4,8.178140
603,608,654,-1,2014-07-27 13:00:00,7,53,212.656000,2.3,0.55,2,4.089070
603,608,654,-1,2014-07-27 12:45:00,7,52,81.247309,6.02,0.04,5,10.222674
603,608,654,-1,2014-07-27 12:30:00,7,51,101.897667,4.8,1.16,2,4.089070
603,608,654,-1,2014-07-27 12:15:00,7,50,122.891658,3.98,0.96,4,8.178140
603,608,654,-1,2014-07-27 12:00:00,7,49,89.416600,5.47,2.04,3,6.133605
603,608,654,-1,2014-07-27 11:45:00,7,48,110.159640,4.44,1.22,3,6.133605
603,608,654,-1,2014-07-27 11:30:00,7,47,188.403298,3.37,0.92,4,8.178140
603,608,654,-1,2014-07-27 11:15:00,7,46,301.919012,1.62,0.18,5,10.222674
603,608,654,-1,2014-07-27 11:00:00,7,45,252.117938,1.94,0.23,2,4.089070
603,608,654,-1,2014-07-27 10:45:00,7,44,260.164255,1.88,0.11,2,4.089070
603,608,654,-1,2014-07-27 10:30:00,7,43,298.237073,1.64,0.08,4,8.178140
603,608,654,-1,2014-07-27 10:15:00,7,42,218.352143,2.24,0.0,1,2.044535
603,608,654,-1,2014-07-27 10:00:00,7,41,137.005266,3.57,0.92,3,6.133605
603,608,654,-1,2014-07-27 09:45:00,7,40,98.017796,4.99,0.66,4,8.178140
603,608,654,-1,2014-07-27 09:30:00,7,39,59.502287,8.22,0.2,4,8.178140
603,608,654,-1,2014-07-27 09:15:00,7,38,87.270722,5.88,1.05,4,8.178140
603,608,654,-1,2014-07-27 09:00:00,7,37,87.497102,5.59,3.21,2,4.089070
603,608,654,-1,2014-07-27 08:45:00,7,36,104.065702,4.7,0.13,4,8.178140
603,608,654,-1,2014-07-27 08:30:00,7,35,110.159640,4.44,1.01,8,16.356279
603,608,654,-1,2014-07-27 08:15:00,7,34,194.090794,2.52,0.0,1,2.044535
603,608,654,-1,2014-07-27 08:00:00,7,33,87.969209,5.56,0.0,1,2.044535
603,608,654,-1,2014-07-27 07:45:00,7,32,128.375013,3.81,0.96,3,6.133605
603,608,654,-1,2014-07-27 07:30:00,7,31,82.899797,5.9,0.35,4,8.178140
603,608,654,-1,2014-07-27 07:15:00,7,30,65.041064,7.52,0.0,1,2.044535
603,608,654,-1,2014-07-27 07:00:00,7,29,82.065235,5.96,0.0,1,2.044535
603,608,654,-1,2014-07-27 06:45:00,7,28,80.050540,6.11,0.38,4,8.178140
603,608,654,-1,2014-07-27 06:30:00,7,27,96.073498,6.54,0.10,2,4.089070
603,608,654,-1,2014-07-27 06:15:00,7,26,96.073498,6.54,0.10,2,4.089070
603,608,654,-1,2014-07-27 06:00:00,7,25,96.073498,6.54,0.10,2,4.089070
603,608,654,-1,2014-07-27 05:45:00,7,24,96.073498,6.54,0.10,2,4.089070
603,608,654,-1,2014-07-27 05:30:00,7,23,96.073498,6.54,0.10,2,4.089070
603,608,654,-1,2014-07-27 05:15:00,7,22,96.073498,6.54,0.10,2,4.089070
603,608,654,-1,2014-07-27 05:00:00,7,21,96.073498,6.54,0.10,2,4.089070
603,608,654,-1,2014-07-27 04:45:00,7,20,96.073498,6.54,0.10,2,4.089070
603,608,654,-1,2014-07-27 04:30:00,7,19,96.073498,6.54,0.10,2,4.089070
603,608,654,-1,2014-07-27 04:15:00,7,18,96.073498,6.54,0.10,2,4.089070
603,608,654,-1,2014-07-27 04:00:00,7,17,179.160733,2.73,0.0,1,2.044535
603,608,654,-1,2014-07-27 03:45:00,7,16,91.562058,6.96,0.10,2,4.089070
603,608,654,-1,2014-07-27 03:30:00,7,15,91.562058,6.96,0.10,2,4.089070
603,608,654,-1,2014-07-27 03:15:00,7,14,43.017485,11.37,0.0,1,2.044535
603,608,654,-1,2014-07-27 03:00:00,7,13,117.518296,6.10,0.00,1,2.044535
603,608,654,-1,2014-07-27 02:45:00,7,12,117.518296,6.10,0.00,1,2.044535
603,608,654,-1,2014-07-27 02:30:00,7,11,64.019476,7.64,0.0,1,2.044535
603,608,654,-1,2014-07-27 02:15:00,7,10,94.879779,6.80,0.40,2,4.089070
603,608,654,-1,2014-07-27 02:00:00,7,9,94.879779,6.80,0.40,2,4.089070
603,608,654,-1,2014-07-27 01:45:00,7,8,94.879779,6.80,0.40,2,4.089070
603,608,654,-1,2014-07-27 01:30:00,7,7,94.879779,6.80,0.40,2,4.089070
603,608,654,-1,2014-07-27 01:15:00,7,6,94.879779,6.80,0.40,2,4.089070
603,608,654,-1,2014-07-27 01:00:00,7,5,183.875489,2.66,0.0,1,2.044535
603,608,654,-1,2014-07-27 00:45:00,7,4,88.606667,5.52,1.59,2,4.089070
603,608,654,-1,2014-07-27 00:30:00,7,3,126.384703,3.87,0.56,5,10.222674
603,608,654,-1,2014-07-27 00:15:00,7,2,122.583659,3.99,1.42,3,6.133605
603,608,654,-1,2014-07-27 00:00:00,7,1,183.875489,2.66,0.19,2,4.089070
603,608,654,-1,2014-07-26 23:45:00,6,96,104.958970,4.66,0.0,1,2.044535
603,608,654,-1,2014-07-26 23:30:00,6,95,136.435023,3.78,0.24,3,6.133605
603,608,654,-1,2014-07-26 23:15:00,6,94,148.214788,3.3,0.48,2,4.089070
603,608,654,-1,2014-07-26 23:00:00,6,93,108.690844,4.5,0.29,7,14.311744
603,608,654,-1,2014-07-26 22:45:00,6,92,114.814272,4.26,0.4,3,6.133605
603,608,654,-1,2014-07-26 22:30:00,6,91,160.891053,3.04,0.0,1,2.044535
603,608,654,-1,2014-07-26 22:15:00,6,90,137.390112,3.56,1.57,2,4.089070
603,608,654,-1,2014-07-26 22:00:00,6,89,77.390633,6.32,4.43,2,4.089070
603,608,654,-1,2014-07-26 21:45:00,6,88,96.954451,6.20,1.50,2,4.089070
603,608,654,-1,2014-07-26 21:30:00,6,87,43.984604,11.12,0.0,1,2.044535
603,608,654,-1,2014-07-26 21:15:00,6,86,129.052454,3.79,0.0,1,2.044535
603,608,654,-1,2014-07-26 21:00:00,6,85,106.328000,4.6,0.28,2,4.089070
603,608,654,-1,2014-07-26 20:45:00,6,84,98.809859,4.95,1.54,3,6.133605
603,608,654,-1,2014-07-26 20:30:00,6,83,111.668676,4.38,1.69,3,6.133605
603,608,654,-1,2014-07-26 20:15:00,6,82,99.412358,4.92,0.62,2,4.089070
603,608,654,-1,2014-07-26 20:00:00,6,81,93.163581,5.25,0.58,3,6.133605
603,608,654,-1,2014-07-26 19:45:00,6,80,163.036267,3.0,0.0,1,2.044535
603,608,654,-1,2014-07-26 19:30:00,6,79,86.414982,5.66,1.38,2,4.089070
603,608,654,-1,2014-07-26 19:15:00,6,78,72.033697,6.79,0.0,1,2.044535
603,608,654,-1,2014-07-26 19:00:00,6,77,88.928873,5.5,0.0,1,2.044535
603,608,654,-1,2014-07-26 18:45:00,6,76,122.583659,3.99,0.41,2,4.089070
603,608,654,-1,2014-07-26 18:30:00,6,75,131.480860,3.72,0.88,5,10.222674
603,608,654,-1,2014-07-26 18:15:00,6,74,128.666158,3.87,0.83,5,10.222674
603,608,654,-1,2014-07-26 18:00:00,6,73,106.792314,4.58,1.5,8,16.356279
603,608,654,-1,2014-07-26 17:45:00,6,72,153.807799,3.18,0.54,2,4.089070
603,608,654,-1,2014-07-26 17:30:00,6,71,75.948571,6.44,1.11,2,4.089070
603,608,654,-1,2014-07-26 17:15:00,6,70,144.706746,3.38,0.02,2,4.089070
603,608,654,-1,2014-07-26 17:00:00,6,69,94.240617,5.19,1.71,3,6.133605
603,608,654,-1,2014-07-26 16:45:00,6,68,165.799593,2.95,0.0,1,2.044535
603,608,654,-1,2014-07-26 16:30:00,6,67,117.290963,4.38,0.76,2,4.089070
603,608,654,-1,2014-07-26 16:15:00,6,66,110.909025,4.41,0.0,1,2.044535
603,608,654,-1,2014-07-26 16:00:00,6,65,98.214618,4.98,1.32,3,6.133605
603,608,654,-1,2014-07-26 15:45:00,6,64,122.891658,3.98,0.42,2,4.089070
603,608,654,-1,2014-07-26 15:30:00,6,63,146.879520,3.33,1.43,3,6.133605
603,608,654,-1,2014-07-26 15:15:00,6,62,168.658207,2.9,0.39,2,4.089070
603,608,654,-1,2014-07-26 15:00:00,6,61,93.163581,5.25,1.64,3,6.133605
603,608,654,-1,2014-07-26 14:45:00,6,60,119.294829,4.1,0.63,2,4.089070
603,608,654,-1,2014-07-26 14:30:00,6,59,135.487202,3.61,1.73,3,6.133605
603,608,654,-1,2014-07-26 14:15:00,6,58,79.015961,6.19,0.0,1,2.044535
603,608,654,-1,2014-07-26 14:00:00,6,57,119.004574,4.11,0.0,1,2.044535
603,608,654,-1,2014-07-26 13:45:00,6,56,89.909706,5.44,0.67,4,8.178140
603,608,654,-1,2014-07-26 13:30:00,6,55,112.958152,4.33,0.0,1,2.044535
603,608,654,-1,2014-07-26 13:15:00,6,54,128.712842,3.8,2.08,3,6.133605
603,608,654,-1,2014-07-26 13:00:00,6,53,124.139289,3.94,0.0,1,2.044535
603,608,654,-1,2014-07-26 12:45:00,6,52,128.375013,3.81,0.74,2,4.089070
603,608,654,-1,2014-07-26 12:30:00,6,51,128.712842,3.8,0.31,2,4.089070
603,608,654,-1,2014-07-26 12:15:00,6,50,258.787725,1.89,0.77,3,6.133605
603,608,654,-1,2014-07-26 12:00:00,6,49,238.386687,2.30,0.41,3,6.133605
603,608,654,-1,2014-07-26 11:45:00,6,48,242.133069,2.02,0.55,3,6.133605
603,608,654,-1,2014-07-26 11:30:00,6,47,284.092044,1.75,0.45,3,6.133605
603,608,654,-1,2014-07-26 11:15:00,6,46,284.092044,1.75,0.45,3,6.133605
603,608,654,-1,2014-07-26 11:00:00,6,45,284.092044,1.75,0.45,3,6.133605
603,608,654,-1,2014-07-26 10:45:00,6,44,284.092044,1.75,0.45,3,6.133605
603,608,654,-1,2014-07-26 10:30:00,6,43,284.092044,1.75,0.45,3,6.133605
603,608,654,-1,2014-07-26 10:15:00,6,42,284.092044,1.75,0.45,3,6.133605
603,608,654,-1,2014-07-26 10:00:00,6,41,284.092044,1.75,0.45,3,6.133605
603,608,654,-1,2014-07-26 09:45:00,6,40,323.913113,1.51,0.02,2,4.089070
603,608,654,-1,2014-07-26 09:30:00,6,39,273.983148,1.84,0.28,4,8.178140
603,608,654,-1,2014-07-26 09:15:00,6,38,273.983148,1.84,0.28,4,8.178140
603,608,654,-1,2014-07-26 09:00:00,6,37,273.983148,1.84,0.28,4,8.178140
603,608,654,-1,2014-07-26 08:45:00,6,36,311.534268,1.57,0.44,3,6.133605
603,608,654,-1,2014-07-26 08:30:00,6,35,218.352143,2.24,0.12,6,12.267209
603,608,654,-1,2014-07-26 08:15:00,6,34,127.372083,3.84,0.53,6,12.267209
603,608,654,-1,2014-07-26 08:00:00,6,33,140.548506,3.48,0.56,4,8.178140
603,608,654,-1,2014-07-26 07:45:00,6,32,99.009879,4.94,1.07,2,4.089070
603,608,654,-1,2014-07-26 07:30:00,6,31,139.347236,3.51,1.34,5,10.222674
603,608,654,-1,2014-07-26 07:15:00,6,30,92.634242,5.28,0.23,6,12.267209
603,608,654,-1,2014-07-26 07:00:00,6,29,131.835256,3.71,0.97,3,6.133605
603,608,654,-1,2014-07-26 06:45:00,6,28,119.004574,4.11,0.55,3,6.133605
603,608,654,-1,2014-07-26 06:30:00,6,27,131.480860,3.72,1.89,2,4.089070
603,608,654,-1,2014-07-26 06:15:00,6,26,104.065702,4.7,0.0,1,2.044535
603,608,654,-1,2014-07-26 06:00:00,6,25,114.382244,4.31,0.62,2,4.089070
603,608,654,-1,2014-07-26 05:45:00,6,24,114.382244,4.31,0.62,2,4.089070
603,608,654,-1,2014-07-26 05:30:00,6,23,114.011375,4.29,0.0,1,2.044535
603,608,654,-1,2014-07-26 05:15:00,6,22,95.763451,5.52,0.15,2,4.089070
603,608,654,-1,2014-07-26 05:00:00,6,21,95.763451,5.52,0.15,2,4.089070
603,608,654,-1,2014-07-26 04:45:00,6,20,95.763451,5.52,0.15,2,4.089070
603,608,654,-1,2014-07-26 04:30:00,6,19,95.763451,5.52,0.15,2,4.089070
603,608,654,-1,2014-07-26 04:15:00,6,18,95.763451,5.52,0.15,2,4.089070
603,608,654,-1,2014-07-26 04:00:00,6,17,107.971038,4.53,0.58,3,6.133605
603,608,654,-1,2014-07-26 03:45:00,6,16,84.993559,6.35,0.15,2,4.089070
603,608,654,-1,2014-07-26 03:30:00,6,15,57.005688,8.58,0.0,1,2.044535
603,608,654,-1,2014-07-26 03:15:00,6,14,83.968738,6.40,0.15,2,4.089070
603,608,654,-1,2014-07-26 03:00:00,6,13,60.986135,8.02,0.0,1,2.044535
603,608,654,-1,2014-07-26 02:45:00,6,12,109.912090,4.45,0.0,1,2.044535
603,608,654,-1,2014-07-26 02:30:00,6,11,88.096430,5.95,0.03,2,4.089070
603,608,654,-1,2014-07-26 02:15:00,6,10,110.909025,4.41,0.0,1,2.044535
603,608,654,-1,2014-07-26 02:00:00,6,9,106.077396,4.87,0.03,2,4.089070
603,608,654,-1,2014-07-26 01:45:00,6,8,106.077396,4.87,0.03,2,4.089070
603,608,654,-1,2014-07-26 01:30:00,6,7,70.578470,6.93,0.1,3,6.133605
603,608,654,-1,2014-07-26 01:15:00,6,6,112.565263,4.65,0.03,2,4.089070
603,608,654,-1,2014-07-26 01:00:00,6,5,132.910000,3.68,0.0,1,2.044535
603,608,654,-1,2014-07-26 00:45:00,6,4,135.863556,3.6,0.03,2,4.089070
603,608,654,-1,2014-07-26 00:30:00,6,3,84.914722,5.76,1.04,3,6.133605
603,608,654,-1,2014-07-26 00:15:00,6,2,91.937744,5.32,0.35,4,8.178140
603,608,654,-1,2014-07-26 00:00:00,6,1,91.081713,5.37,0.41,3,6.133605
603,608,654,-1,2014-07-25 23:45:00,5,96,128.038953,3.82,0.0,1,2.044535
603,608,654,-1,2014-07-25 23:30:00,5,95,143.014269,3.42,0.34,8,16.356279
603,608,654,-1,2014-07-25 23:15:00,5,94,119.879608,4.08,1.16,4,8.178140
603,608,654,-1,2014-07-25 23:00:00,5,93,152.370343,3.21,0.89,3,6.133605
603,608,654,-1,2014-07-25 22:45:00,5,92,143.855529,3.4,0.49,6,12.267209
603,608,654,-1,2014-07-25 22:30:00,5,91,118.715728,4.12,0.87,7,14.311744
603,608,654,-1,2014-07-25 22:15:00,5,90,90.912416,5.38,0.71,2,4.089070
603,608,654,-1,2014-07-25 22:00:00,5,89,148.214788,3.3,0.03,5,10.222674
603,608,654,-1,2014-07-25 21:45:00,5,88,193.323636,2.53,0.0,1,2.044535
603,608,654,-1,2014-07-25 21:30:00,5,87,274.780225,1.78,0.57,4,8.178140
603,608,654,-1,2014-07-25 21:15:00,5,86,239.759216,2.04,0.42,5,10.222674
603,608,654,-1,2014-07-25 21:00:00,5,85,98.017796,4.99,0.74,3,6.133605
603,608,654,-1,2014-07-25 20:45:00,5,84,101.474855,4.82,0.55,2,4.089070
603,608,654,-1,2014-07-25 20:30:00,5,83,119.991424,4.39,1.09,3,6.133605
603,608,654,-1,2014-07-25 20:15:00,5,82,95.903686,5.1,1.3,3,6.133605
603,608,654,-1,2014-07-25 20:00:00,5,81,184.569358,2.65,1.75,2,4.089070
603,608,654,-1,2014-07-25 19:45:00,5,80,132.332947,4.06,0.76,2,4.089070
603,608,654,-1,2014-07-25 19:30:00,5,79,91.081713,5.37,0.0,1,2.044535
603,608,654,-1,2014-07-25 19:15:00,5,78,157.777032,3.1,0.0,1,2.044535
603,608,654,-1,2014-07-25 19:00:00,5,77,153.691001,3.70,0.11,2,4.089070
603,608,654,-1,2014-07-25 18:45:00,5,76,153.691001,3.70,0.11,2,4.089070
603,608,654,-1,2014-07-25 18:30:00,5,75,254.744167,1.92,0.0,1,2.044535
603,608,654,-1,2014-07-25 18:15:00,5,74,111.161091,4.4,0.44,2,4.089070
603,608,654,-1,2014-07-25 18:00:00,5,73,141.037567,4.05,0.31,2,4.089070
603,608,654,-1,2014-07-25 17:45:00,5,72,98.017796,4.99,0.0,1,2.044535
603,608,654,-1,2014-07-25 17:30:00,5,71,100.227213,4.88,0.79,3,6.133605
603,608,654,-1,2014-07-25 17:15:00,5,70,167.860256,3.60,0.45,3,6.133605
603,608,654,-1,2014-07-25 17:00:00,5,69,167.503014,2.92,0.92,3,6.133605
603,608,654,-1,2014-07-25 16:45:00,5,68,305.693000,1.6,0.09,2,4.089070
603,608,654,-1,2014-07-25 16:30:00,5,67,227.492465,2.15,0.0,1,2.044535
603,608,654,-1,2014-07-25 16:15:00,5,66,257.425684,1.9,0.34,2,4.089070
603,608,654,-1,2014-07-25 16:00:00,5,65,321.782105,1.52,0.0,1,2.044535
603,608,654,-1,2014-07-25 15:45:00,5,64,286.028538,1.71,0.0,1,2.044535
603,608,654,-1,2014-07-25 15:30:00,5,63,168.658207,2.9,1.41,2,4.089070
603,608,654,-1,2014-07-25 15:15:00,5,62,182.503284,2.68,0.24,4,8.178140
603,608,654,-1,2014-07-25 15:00:00,5,61,210.822759,2.32,0.63,2,4.089070
603,608,654,-1,2014-07-25 14:45:00,5,60,117.574231,4.16,1.04,2,4.089070
603,608,654,-1,2014-07-25 14:30:00,5,59,115.902559,4.22,0.0,1,2.044535
603,608,654,-1,2014-07-25 14:15:00,5,58,110.658100,4.42,0.18,2,4.089070
603,608,654,-1,2014-07-25 14:00:00,5,57,97.045397,5.04,1.17,2,4.089070
603,608,654,-1,2014-07-25 13:45:00,5,56,144.706746,3.38,0.04,2,4.089070
603,608,654,-1,2014-07-25 13:30:00,5,55,102.324017,4.78,0.12,4,8.178140
603,608,654,-1,2014-07-25 13:15:00,5,54,97.045397,5.04,1.2,3,6.133605
603,608,654,-1,2014-07-25 13:00:00,5,53,112.697880,4.34,0.45,4,8.178140
603,608,654,-1,2014-07-25 12:45:00,5,52,145.568095,3.36,1.67,3,6.133605
603,608,654,-1,2014-07-25 12:30:00,5,51,178.506861,2.74,0.02,4,8.178140
603,608,654,-1,2014-07-25 12:15:00,5,50,215.466432,2.27,0.0,1,2.044535
603,608,654,-1,2014-07-25 12:00:00,5,49,354.426667,1.38,0.17,2,4.089070
603,608,654,-1,2014-07-25 11:45:00,5,48,394.442581,1.24,0.0,1,2.044535
603,608,654,-1,2014-07-25 11:30:00,5,47,262.961720,1.86,0.88,3,6.133605
603,608,654,-1,2014-07-25 11:15:00,5,46,250.825026,1.95,0.0,1,2.044535
603,608,654,-1,2014-07-25 11:00:00,5,45,210.822759,2.32,0.18,2,4.089070
603,608,654,-1,2014-07-25 10:45:00,5,44,351.876835,1.39,0.0,1,2.044535
603,608,654,-1,2014-07-25 10:30:00,5,43,330.263345,1.57,0.05,2,4.089070
603,608,654,-1,2014-07-25 10:15:00,5,42,330.263345,1.57,0.05,2,4.089070
603,608,654,-1,2014-07-25 10:00:00,5,41,330.263345,1.57,0.05,2,4.089070
603,608,654,-1,2014-07-25 09:45:00,5,40,382.116250,1.28,0.0,1,2.044535
603,608,654,-1,2014-07-25 09:30:00,5,39,358.003182,1.37,0.04,2,4.089070
603,608,654,-1,2014-07-25 09:15:00,5,38,358.003182,1.37,0.04,2,4.089070
603,608,654,-1,2014-07-25 09:00:00,5,37,376.237538,1.3,0.0,1,2.044535
603,608,654,-1,2014-07-25 08:45:00,5,36,339.117137,1.47,0.23,2,4.089070
603,608,654,-1,2014-07-25 08:30:00,5,35,339.117137,1.47,0.23,2,4.089070
603,608,654,-1,2014-07-25 08:15:00,5,34,339.117137,1.47,0.23,2,4.089070
603,608,654,-1,2014-07-25 08:00:00,5,33,339.117137,1.47,0.23,2,4.089070
603,608,654,-1,2014-07-25 07:45:00,5,32,339.117137,1.47,0.23,2,4.089070
603,608,654,-1,2014-07-25 07:30:00,5,31,339.117137,1.47,0.23,2,4.089070
603,608,654,-1,2014-07-25 07:15:00,5,30,321.782105,1.52,0.17,2,4.089070
603,608,654,-1,2014-07-25 07:00:00,5,29,276.332655,1.77,0.74,3,6.133605
603,608,654,-1,2014-07-25 06:45:00,5,28,95.529063,5.12,1.18,2,4.089070
603,608,654,-1,2014-07-25 06:30:00,5,27,135.863556,3.6,1.84,2,4.089070
603,608,654,-1,2014-07-25 06:15:00,5,26,65.041064,7.52,1.42,2,4.089070
603,608,654,-1,2014-07-25 06:00:00,5,25,53.985519,9.06,0.0,1,2.044535
603,608,654,-1,2014-07-25 05:45:00,5,24,89.316737,6.38,0.70,2,4.089070
603,608,654,-1,2014-07-25 05:30:00,5,23,89.316737,6.38,0.70,2,4.089070
603,608,654,-1,2014-07-25 05:15:00,5,22,89.316737,6.38,0.70,2,4.089070
603,608,654,-1,2014-07-25 05:00:00,5,21,89.316737,6.38,0.70,2,4.089070
603,608,654,-1,2014-07-25 04:45:00,5,20,89.316737,6.38,0.70,2,4.089070
603,608,654,-1,2014-07-25 04:30:00,5,19,89.316737,6.38,0.70,2,4.089070
603,608,654,-1,2014-07-25 04:15:00,5,18,89.316737,6.38,0.70,2,4.089070
603,608,654,-1,2014-07-25 04:00:00,5,17,89.316737,6.38,0.70,2,4.089070
603,608,654,-1,2014-07-25 03:45:00,5,16,89.316737,6.38,0.70,2,4.089070
603,608,654,-1,2014-07-25 03:30:00,5,15,89.316737,6.38,0.70,2,4.089070
603,608,654,-1,2014-07-25 03:15:00,5,14,89.316737,6.38,0.70,2,4.089070
603,608,654,-1,2014-07-25 03:00:00,5,13,89.316737,6.38,0.70,2,4.089070
603,608,654,-1,2014-07-25 02:45:00,5,12,89.316737,6.38,0.70,2,4.089070
603,608,654,-1,2014-07-25 02:30:00,5,11,89.316737,6.38,0.70,2,4.089070
603,608,654,-1,2014-07-25 02:15:00,5,10,89.316737,6.38,0.70,2,4.089070
603,608,654,-1,2014-07-25 02:00:00,5,9,89.316737,6.38,0.70,2,4.089070
603,608,654,-1,2014-07-25 01:45:00,5,8,84.914722,5.76,1.25,2,4.089070
603,608,654,-1,2014-07-25 01:30:00,5,7,103.323105,5.51,0.65,2,4.089070
603,608,654,-1,2014-07-25 01:15:00,5,6,153.325643,3.19,0.11,2,4.089070
603,608,654,-1,2014-07-25 01:00:00,5,5,120.861547,4.23,1.31,2,4.089070
603,608,654,-1,2014-07-25 00:45:00,5,4,121.066535,4.04,1.22,2,4.089070
603,608,654,-1,2014-07-25 00:30:00,5,3,124.139289,3.94,2.64,2,4.089070
603,608,654,-1,2014-07-25 00:15:00,5,2,113.050916,4.38,0.97,2,4.089070
603,608,654,-1,2014-07-25 00:00:00,5,1,92.986464,5.26,0.0,1,2.044535
603,608,654,-1,2014-07-24 23:45:00,4,96,110.448807,4.48,0.74,2,4.089070
603,608,654,-1,2014-07-24 23:30:00,4,95,114.011375,4.29,0.0,1,2.044535
603,608,654,-1,2014-07-24 23:15:00,4,94,110.658100,4.42,0.3,2,4.089070
603,608,654,-1,2014-07-24 23:00:00,4,93,108.865375,4.54,0.17,3,6.133605
603,608,654,-1,2014-07-24 22:45:00,4,92,90.912416,5.38,0.12,4,8.178140
603,608,654,-1,2014-07-24 22:30:00,4,91,119.879608,4.08,0.27,4,8.178140
603,608,654,-1,2014-07-24 22:15:00,4,90,134.002411,3.65,0.55,4,8.178140
603,608,654,-1,2014-07-24 22:00:00,4,89,94.059385,5.2,4.08,2,4.089070
603,608,654,-1,2014-07-24 21:45:00,4,88,93.529731,5.59,1.45,3,6.133605
603,608,654,-1,2014-07-24 21:30:00,4,87,80.050540,6.11,0.0,1,2.044535
603,608,654,-1,2014-07-24 21:15:00,4,86,66.006586,7.41,1.15,3,6.133605
603,608,654,-1,2014-07-24 21:00:00,4,85,113.746233,4.3,0.81,5,10.222674
603,608,654,-1,2014-07-24 20:45:00,4,84,103.844756,4.71,0.86,7,14.311744
603,608,654,-1,2014-07-24 20:30:00,4,83,120.767605,4.05,0.97,3,6.133605
603,608,654,-1,2014-07-24 20:15:00,4,82,122.891658,3.98,0.0,1,2.044535
603,608,654,-1,2014-07-24 20:00:00,4,81,164.130470,2.98,0.56,3,6.133605
603,608,654,-1,2014-07-24 19:45:00,4,80,138.557734,3.53,0.63,5,10.222674
603,608,654,-1,2014-07-24 19:30:00,4,79,132.549810,3.69,1.15,2,4.089070
603,608,654,-1,2014-07-24 19:15:00,4,78,66.006586,7.41,0.0,1,2.044535
603,608,654,-1,2014-07-24 19:00:00,4,77,80.978278,6.04,1.62,2,4.089070
603,608,654,-1,2014-07-24 18:45:00,4,76,142.182791,3.44,0.62,2,4.089070
603,608,654,-1,2014-07-24 18:30:00,4,75,72.568071,6.74,0.42,4,8.178140
603,608,654,-1,2014-07-24 18:15:00,4,74,122.841667,4.33,0.49,3,6.133605
603,608,654,-1,2014-07-24 18:00:00,4,73,149.574557,3.27,0.91,3,6.133605
603,608,654,-1,2014-07-24 17:45:00,4,72,127.041247,3.85,0.0,1,2.044535
603,608,654,-1,2014-07-24 17:30:00,4,71,228.555514,2.14,0.43,2,4.089070
603,608,654,-1,2014-07-24 17:15:00,4,70,254.744167,1.92,0.0,1,2.044535
603,608,654,-1,2014-07-24 17:00:00,4,69,163.036267,3.0,1.3,2,4.089070
603,608,654,-1,2014-07-24 16:45:00,4,68,153.807799,3.18,1.08,3,6.133605
603,608,654,-1,2014-07-24 16:30:00,4,67,158.812237,3.43,1.10,3,6.133605
603,608,654,-1,2014-07-24 16:15:00,4,66,90.912416,5.38,1.74,2,4.089070
603,608,654,-1,2014-07-24 16:00:00,4,65,227.492465,2.15,0.27,2,4.089070
603,608,654,-1,2014-07-24 15:45:00,4,64,164.130470,2.98,0.27,4,8.178140
603,608,654,-1,2014-07-24 15:30:00,4,63,262.961720,1.86,0.0,1,2.044535
603,608,654,-1,2014-07-24 15:15:00,4,62,84.039313,5.82,0.42,3,6.133605
603,608,654,-1,2014-07-24 15:00:00,4,61,117.292278,4.17,1.02,3,6.133605
603,608,654,-1,2014-07-24 14:45:00,4,60,92.986464,5.26,0.0,1,2.044535
603,608,654,-1,2014-07-24 14:30:00,4,59,188.118769,2.6,0.0,1,2.044535
603,608,654,-1,2014-07-24 14:15:00,4,58,126.537313,4.25,0.23,3,6.133605
603,608,654,-1,2014-07-24 14:00:00,4,57,137.390112,3.56,0.89,3,6.133605
603,608,654,-1,2014-07-24 13:45:00,4,56,87.653907,5.58,0.03,5,10.222674
603,608,654,-1,2014-07-24 13:30:00,4,55,127.372083,3.84,0.6,3,6.133605
603,608,654,-1,2014-07-24 13:15:00,4,54,102.538532,4.77,0.25,2,4.089070
603,608,654,-1,2014-07-24 13:00:00,4,53,77.025008,6.35,0.0,1,2.044535
603,608,654,-1,2014-07-24 12:45:00,4,52,119.242589,4.44,0.36,3,6.133605
603,608,654,-1,2014-07-24 12:30:00,4,51,134.370549,3.64,0.97,2,4.089070
603,608,654,-1,2014-07-24 12:15:00,4,50,163.036267,3.0,0.23,5,10.222674
603,608,654,-1,2014-07-24 12:00:00,4,49,321.782105,1.52,0.22,2,4.089070
603,608,654,-1,2014-07-24 11:45:00,4,48,354.426667,1.38,0.53,2,4.089070
603,608,654,-1,2014-07-24 11:30:00,4,47,330.478919,1.48,0.0,1,2.044535
603,608,654,-1,2014-07-24 11:15:00,4,46,262.961720,1.86,0.18,2,4.089070
603,608,654,-1,2014-07-24 11:00:00,4,45,307.366976,1.67,0.05,2,4.089070
603,608,654,-1,2014-07-24 10:45:00,4,44,307.366976,1.67,0.05,2,4.089070
603,608,654,-1,2014-07-24 10:30:00,4,43,231.805118,2.11,0.0,1,2.044535
603,608,654,-1,2014-07-24 10:15:00,4,42,404.222149,1.21,0.0,1,2.044535
603,608,654,-1,2014-07-24 10:00:00,4,41,325.940092,1.56,0.11,2,4.089070
603,608,654,-1,2014-07-24 09:45:00,4,40,325.940092,1.56,0.11,2,4.089070
603,608,654,-1,2014-07-24 09:30:00,4,39,332.727075,1.47,0.19,3,6.133605
603,608,654,-1,2014-07-24 09:15:00,4,38,335.006027,1.46,0.24,2,4.089070
603,608,654,-1,2014-07-24 09:00:00,4,37,143.014269,3.42,1.95,3,6.133605
603,608,654,-1,2014-07-24 08:45:00,4,36,137.777127,3.55,0.41,3,6.133605
603,608,654,-1,2014-07-24 08:30:00,4,35,111.161091,4.4,0.32,2,4.089070
603,608,654,-1,2014-07-24 08:15:00,4,34,298.237073,1.64,0.03,2,4.089070
603,608,654,-1,2014-07-24 08:00:00,4,33,274.780225,1.78,0.05,4,8.178140
603,608,654,-1,2014-07-24 07:45:00,4,32,222.396015,2.66,0.22,3,6.133605
603,608,654,-1,2014-07-24 07:30:00,4,31,218.352143,2.24,0.3,2,4.089070
603,608,654,-1,2014-07-24 07:15:00,4,30,180.884639,3.18,0.35,3,6.133605
603,608,654,-1,2014-07-24 07:00:00,4,29,180.884639,3.18,0.35,3,6.133605
603,608,654,-1,2014-07-24 06:45:00,4,28,98.214618,4.98,0.5,3,6.133605
603,608,654,-1,2014-07-24 06:30:00,4,27,118.189445,7.82,0.34,2,4.089070
603,608,654,-1,2014-07-24 06:15:00,4,26,118.189445,7.82,0.34,2,4.089070
603,608,654,-1,2014-07-24 06:00:00,4,25,118.189445,7.82,0.34,2,4.089070
603,608,654,-1,2014-07-24 05:45:00,4,24,118.189445,7.82,0.34,2,4.089070
603,608,654,-1,2014-07-24 05:30:00,4,23,118.189445,7.82,0.34,2,4.089070
603,608,654,-1,2014-07-24 05:15:00,4,22,118.189445,7.82,0.34,2,4.089070
603,608,654,-1,2014-07-24 05:00:00,4,21,118.189445,7.82,0.34,2,4.089070
603,608,654,-1,2014-07-24 04:45:00,4,20,132.191568,3.7,0.54,2,4.089070
603,608,654,-1,2014-07-24 04:30:00,4,19,79.606278,9.18,0.26,2,4.089070
603,608,654,-1,2014-07-24 04:15:00,4,18,79.606278,9.18,0.26,2,4.089070
603,608,654,-1,2014-07-24 04:00:00,4,17,79.606278,9.18,0.26,2,4.089070
603,608,654,-1,2014-07-24 03:45:00,4,16,79.606278,9.18,0.26,2,4.089070
603,608,654,-1,2014-07-24 03:30:00,4,15,79.606278,9.18,0.26,2,4.089070
603,608,654,-1,2014-07-24 03:15:00,4,14,79.606278,9.18,0.26,2,4.089070
603,608,654,-1,2014-07-24 03:00:00,4,13,23.999450,20.38,0.0,1,2.044535
603,608,654,-1,2014-07-24 02:45:00,4,12,94.753013,8.70,0.26,2,4.089070
603,608,654,-1,2014-07-24 02:30:00,4,11,94.753013,8.70,0.26,2,4.089070
603,608,654,-1,2014-07-24 02:15:00,4,10,94.753013,8.70,0.26,2,4.089070
603,608,654,-1,2014-07-24 02:00:00,4,9,94.753013,8.70,0.26,2,4.089070
603,608,654,-1,2014-07-24 01:45:00,4,8,64.019476,7.64,0.0,1,2.044535
603,608,654,-1,2014-07-24 01:30:00,4,7,85.219967,9.08,0.13,2,4.089070
603,608,654,-1,2014-07-24 01:15:00,4,6,85.219967,9.08,0.13,2,4.089070
603,608,654,-1,2014-07-24 01:00:00,4,5,158.801558,3.08,0.51,2,4.089070
603,608,654,-1,2014-07-24 00:45:00,4,4,115.720762,4.82,0.64,2,4.089070
603,608,654,-1,2014-07-24 00:30:00,4,3,115.720762,4.82,0.64,2,4.089070
603,608,654,-1,2014-07-24 00:15:00,4,2,94.059385,5.2,0.0,1,2.044535
603,608,654,-1,2014-07-24 00:00:00,4,1,146.002627,3.35,2.04,2,4.089070
603,608,654,-1,2014-07-23 23:45:00,3,96,152.370343,3.21,1.35,3,6.133605
603,608,654,-1,2014-07-23 23:30:00,3,95,126.808308,4.16,0.85,2,4.089070
603,608,654,-1,2014-07-23 23:15:00,3,94,77.025008,6.35,0.0,1,2.044535
603,608,654,-1,2014-07-23 23:00:00,3,93,131.835256,3.71,0.0,1,2.044535
603,608,654,-1,2014-07-23 22:45:00,3,92,150.959506,3.24,0.0,1,2.044535
603,608,654,-1,2014-07-23 22:30:00,3,91,158.801558,3.08,2.8,2,4.089070
603,608,654,-1,2014-07-23 22:15:00,3,90,128.373233,3.99,1.48,2,4.089070
603,608,654,-1,2014-07-23 22:00:00,3,89,96.471164,5.07,2.13,3,6.133605
603,608,654,-1,2014-07-23 21:45:00,3,88,107.260702,4.56,1.01,2,4.089070
603,608,654,-1,2014-07-23 21:30:00,3,87,119.294829,4.1,0.58,7,14.311744
603,608,654,-1,2014-07-23 21:15:00,3,86,82.759526,5.91,1.33,3,6.133605
603,608,654,-1,2014-07-23 21:00:00,3,85,107.971038,4.53,0.0,1,2.044535
603,608,654,-1,2014-07-23 20:45:00,3,84,106.409424,4.69,0.62,3,6.133605
603,608,654,-1,2014-07-23 20:30:00,3,83,119.004574,4.11,0.0,1,2.044535
603,608,654,-1,2014-07-23 20:15:00,3,82,115.902559,4.22,1.14,5,10.222674
603,608,654,-1,2014-07-23 20:00:00,3,81,114.011375,4.29,1.85,3,6.133605
603,608,654,-1,2014-07-23 19:45:00,3,80,118.496851,4.16,1.05,3,6.133605
603,608,654,-1,2014-07-23 19:30:00,3,79,108.209912,4.52,0.72,2,4.089070
603,608,654,-1,2014-07-23 19:15:00,3,78,123.021814,4.02,1.15,3,6.133605
603,608,654,-1,2014-07-23 19:00:00,3,77,135.863556,3.6,0.48,2,4.089070
603,608,654,-1,2014-07-23 18:45:00,3,76,134.002411,3.65,1.53,2,4.089070
603,608,654,-1,2014-07-23 18:30:00,3,75,104.065702,4.7,1.79,2,4.089070
603,608,654,-1,2014-07-23 18:15:00,3,74,85.062400,5.75,0.0,1,2.044535
603,608,654,-1,2014-07-23 18:00:00,3,73,58.999855,8.29,0.0,1,2.044535
603,608,654,-1,2014-07-23 17:45:00,3,72,110.122958,5.16,0.00,1,2.044535
603,608,654,-1,2014-07-23 17:30:00,3,71,148.214788,3.3,0.0,1,2.044535
603,608,654,-1,2014-07-23 17:15:00,3,70,148.214788,3.3,0.0,1,2.044535
603,608,654,-1,2014-07-23 17:00:00,3,69,143.912472,3.42,0.37,2,4.089070
603,608,654,-1,2014-07-23 16:45:00,3,68,143.912472,3.42,0.37,2,4.089070
603,608,654,-1,2014-07-23 16:30:00,3,67,125.412513,3.9,0.52,2,4.089070
603,608,654,-1,2014-07-23 16:15:00,3,66,153.807799,3.18,0.95,2,4.089070
603,608,654,-1,2014-07-23 16:00:00,3,65,91.593408,5.34,2.32,2,4.089070
603,608,654,-1,2014-07-23 15:45:00,3,64,82.065235,5.96,0.0,1,2.044535
603,608,654,-1,2014-07-23 15:30:00,3,63,128.576052,4.29,0.75,2,4.089070
603,608,654,-1,2014-07-23 15:15:00,3,62,193.323636,2.53,0.0,1,2.044535
603,608,654,-1,2014-07-23 15:00:00,3,61,147.321928,3.32,0.7,4,8.178140
603,608,654,-1,2014-07-23 14:45:00,3,60,144.279882,3.39,0.76,3,6.133605
603,608,654,-1,2014-07-23 14:30:00,3,59,123.168467,4.13,0.91,3,6.133605
603,608,654,-1,2014-07-23 14:15:00,3,58,90.912416,5.38,0.71,2,4.089070
603,608,654,-1,2014-07-23 14:00:00,3,57,110.159640,4.44,1.48,3,6.133605
603,608,654,-1,2014-07-23 13:45:00,3,56,101.897667,4.8,0.0,1,2.044535
603,608,654,-1,2014-07-23 13:30:00,3,55,210.822759,2.32,0.26,2,4.089070
603,608,654,-1,2014-07-23 13:15:00,3,54,130.429013,3.75,0.9,2,4.089070
603,608,654,-1,2014-07-23 13:00:00,3,53,117.574231,4.16,1.36,4,8.178140
603,608,654,-1,2014-07-23 12:45:00,3,52,115.084424,4.25,0.0,1,2.044535
603,608,654,-1,2014-07-23 12:30:00,3,51,83.465666,5.86,0.81,4,8.178140
603,608,654,-1,2014-07-23 12:15:00,3,50,154.781266,3.16,0.91,2,4.089070
603,608,654,-1,2014-07-23 12:00:00,3,49,156.765641,3.12,0.3,2,4.089070
603,608,654,-1,2014-07-23 11:45:00,3,48,300.066748,1.63,0.14,2,4.089070
603,608,654,-1,2014-07-23 11:30:00,3,47,270.225856,1.81,0.0,1,2.044535
603,608,654,-1,2014-07-23 11:15:00,3,46,294.643855,1.66,0.05,2,4.089070
603,608,654,-1,2014-07-23 11:00:00,3,45,290.746118,1.69,0.01,2,4.089070
603,608,654,-1,2014-07-23 10:45:00,3,44,321.782105,1.52,0.0,1,2.044535
603,608,654,-1,2014-07-23 10:30:00,3,43,276.332655,1.77,0.0,1,2.044535
603,608,654,-1,2014-07-23 10:15:00,3,42,327.880787,1.54,0.19,2,4.089070
603,608,654,-1,2014-07-23 10:00:00,3,41,429.042807,1.14,0.0,1,2.044535
603,608,654,-1,2014-07-23 09:45:00,3,40,284.365581,1.72,0.76,2,4.089070
603,608,654,-1,2014-07-23 09:30:00,3,39,131.128365,3.73,0.0,1,2.044535
603,608,654,-1,2014-07-23 09:15:00,3,38,199.553669,2.75,0.33,2,4.089070
603,608,654,-1,2014-07-23 09:00:00,3,37,244.554400,2.0,0.0,1,2.044535
603,608,654,-1,2014-07-23 08:45:00,3,36,153.830987,3.52,0.35,2,4.089070
603,608,654,-1,2014-07-23 08:30:00,3,35,138.166328,3.54,0.55,2,4.089070
603,608,654,-1,2014-07-23 08:15:00,3,34,101.474855,4.82,0.84,4,8.178140
603,608,654,-1,2014-07-23 08:00:00,3,33,168.658207,2.9,0.39,2,4.089070
603,608,654,-1,2014-07-23 07:45:00,3,32,174.681714,2.8,0.35,4,8.178140
603,608,654,-1,2014-07-23 07:30:00,3,31,192.680038,2.58,0.29,4,8.178140
603,608,654,-1,2014-07-23 07:15:00,3,30,198.824715,2.46,0.13,5,10.222674
603,608,654,-1,2014-07-23 07:00:00,3,29,228.555514,2.14,0.27,2,4.089070
603,608,654,-1,2014-07-23 06:45:00,3,28,124.772653,3.92,0.66,4,8.178140
603,608,654,-1,2014-07-23 06:30:00,3,27,95.342846,5.13,1.62,3,6.133605
603,608,654,-1,2014-07-23 06:15:00,3,26,109.176071,4.48,2.69,2,4.089070
603,608,654,-1,2014-07-23 06:00:00,3,25,113.746233,4.3,0.01,2,4.089070
603,608,654,-1,2014-07-23 05:45:00,3,24,121.972269,4.01,0.0,1,2.044535
603,608,654,-1,2014-07-23 05:30:00,3,23,98.017796,4.99,0.0,1,2.044535
603,608,654,-1,2014-07-23 05:15:00,3,22,130.255270,3.95,0.00,1,2.044535
603,608,654,-1,2014-07-23 05:00:00,3,21,130.255270,3.95,0.00,1,2.044535
603,608,654,-1,2014-07-23 04:45:00,3,20,130.255270,3.95,0.00,1,2.044535
603,608,654,-1,2014-07-23 04:30:00,3,19,119.879608,4.08,0.0,1,2.044535
603,608,654,-1,2014-07-23 04:15:00,3,18,144.717056,3.62,0.00,1,2.044535
603,608,654,-1,2014-07-23 04:00:00,3,17,144.717056,3.62,0.00,1,2.044535
603,608,654,-1,2014-07-23 03:45:00,3,16,181.151407,2.7,0.0,1,2.044535
603,608,654,-1,2014-07-23 03:30:00,3,15,129.462017,5.68,0.00,1,2.044535
603,608,654,-1,2014-07-23 03:15:00,3,14,129.462017,5.68,0.00,1,2.044535
603,608,654,-1,2014-07-23 03:00:00,3,13,179.819412,2.72,0.0,1,2.044535
603,608,654,-1,2014-07-23 02:45:00,3,12,132.099368,5.60,0.53,2,4.089070
603,608,654,-1,2014-07-23 02:30:00,3,11,36.997640,13.22,0.0,1,2.044535
603,608,654,-1,2014-07-23 02:15:00,3,10,123.865213,5.75,0.56,2,4.089070
603,608,654,-1,2014-07-23 02:00:00,3,9,123.865213,5.75,0.56,2,4.089070
603,608,654,-1,2014-07-23 01:45:00,3,8,123.865213,5.75,0.56,2,4.089070
603,608,654,-1,2014-07-23 01:30:00,3,7,123.865213,5.75,0.56,2,4.089070
603,608,654,-1,2014-07-23 01:15:00,3,6,130.429013,3.75,2.12,3,6.133605
603,608,654,-1,2014-07-23 01:00:00,3,5,148.214788,3.3,0.12,3,6.133605
603,608,654,-1,2014-07-23 00:45:00,3,4,82.065235,5.96,1.34,2,4.089070
603,608,654,-1,2014-07-23 00:30:00,3,3,150.033374,3.26,0.6,2,4.089070
603,608,654,-1,2014-07-23 00:15:00,3,2,119.294829,4.1,0.36,4,8.178140
603,608,654,-1,2014-07-23 00:00:00,3,1,88.606667,5.52,1.12,4,8.178140
603,608,654,-1,2014-07-22 23:45:00,2,96,127.372083,3.84,0.56,5,10.222674
603,608,654,-1,2014-07-22 23:30:00,2,95,65.041064,7.52,0.0,1,2.044535
603,608,654,-1,2014-07-22 23:15:00,2,94,107.260702,4.56,1.5,3,6.133605
603,608,654,-1,2014-07-22 23:00:00,2,93,146.002627,3.35,0.0,1,2.044535
603,608,654,-1,2014-07-22 22:45:00,2,92,82.065235,5.96,0.0,1,2.044535
603,608,654,-1,2014-07-22 22:30:00,2,91,94.422548,5.18,0.14,2,4.089070
603,608,654,-1,2014-07-22 22:15:00,2,90,145.568095,3.36,1.05,3,6.133605
603,608,654,-1,2014-07-22 22:00:00,2,89,131.480860,3.72,1.87,3,6.133605
603,608,654,-1,2014-07-22 21:45:00,2,88,101.897667,4.8,0.0,1,2.044535
603,608,654,-1,2014-07-22 21:30:00,2,87,138.166328,3.54,0.03,2,4.089070
603,608,654,-1,2014-07-22 21:15:00,2,86,158.287638,3.09,0.31,5,10.222674
603,608,654,-1,2014-07-22 21:00:00,2,85,111.924211,4.37,1.77,2,4.089070
603,608,654,-1,2014-07-22 20:45:00,2,84,133.636284,3.66,0.07,2,4.089070
603,608,654,-1,2014-07-22 20:30:00,2,83,160.891053,3.04,1.6,2,4.089070
603,608,654,-1,2014-07-22 20:15:00,2,82,130.429013,3.75,1.92,3,6.133605
603,608,654,-1,2014-07-22 20:00:00,2,81,99.412358,4.92,0.47,4,8.178140
603,608,654,-1,2014-07-22 19:45:00,2,80,91.081713,5.37,0.0,1,2.044535
603,608,654,-1,2014-07-22 19:30:00,2,79,79.015961,6.19,1.11,2,4.089070
603,608,654,-1,2014-07-22 19:15:00,2,78,102.731802,5.11,0.38,2,4.089070
603,608,654,-1,2014-07-22 19:00:00,2,77,155.767134,3.14,0.39,3,6.133605
603,608,654,-1,2014-07-22 18:45:00,2,76,85.062400,5.75,0.0,1,2.044535
603,608,654,-1,2014-07-22 18:30:00,2,75,82.065235,5.96,0.0,1,2.044535
603,608,654,-1,2014-07-22 18:15:00,2,74,122.891658,3.98,0.0,1,2.044535
603,608,654,-1,2014-07-22 18:00:00,2,73,138.166328,3.54,0.43,5,10.222674
603,608,654,-1,2014-07-22 17:45:00,2,72,128.038953,3.82,0.0,1,2.044535
603,608,654,-1,2014-07-22 17:30:00,2,71,79.015961,6.19,0.63,2,4.089070
603,608,654,-1,2014-07-22 17:15:00,2,70,112.537557,4.86,0.16,2,4.089070
603,608,654,-1,2014-07-22 17:00:00,2,69,75.016687,6.52,0.0,1,2.044535
603,608,654,-1,2014-07-22 16:45:00,2,68,113.575710,4.83,0.25,2,4.089070
603,608,654,-1,2014-07-22 16:30:00,2,67,168.078625,2.91,0.0,1,2.044535
603,608,654,-1,2014-07-22 16:15:00,2,66,132.191568,3.7,0.38,4,8.178140
603,608,654,-1,2014-07-22 16:00:00,2,65,120.470148,4.06,0.12,2,4.089070
603,608,654,-1,2014-07-22 15:45:00,2,64,94.059385,5.2,0.0,1,2.044535
603,608,654,-1,2014-07-22 15:30:00,2,63,135.112928,3.62,1.0,2,4.089070
603,608,654,-1,2014-07-22 15:15:00,2,62,140.548506,3.48,1.03,3,6.133605
603,608,654,-1,2014-07-22 15:00:00,2,61,120.767605,4.05,0.89,3,6.133605
603,608,654,-1,2014-07-22 14:45:00,2,60,132.910000,3.68,0.7,4,8.178140
603,608,654,-1,2014-07-22 14:30:00,2,59,110.159640,4.44,0.45,2,4.089070
603,608,654,-1,2014-07-22 14:15:00,2,58,86.414982,5.66,0.49,4,8.178140
603,608,654,-1,2014-07-22 14:00:00,2,57,108.932918,4.49,0.0,1,2.044535
603,608,654,-1,2014-07-22 13:45:00,2,56,109.312110,4.60,0.51,3,6.133605
603,608,654,-1,2014-07-22 13:30:00,2,55,137.390112,3.56,0.56,2,4.089070
603,608,654,-1,2014-07-22 13:15:00,2,54,104.510427,4.68,0.98,4,8.178140
603,608,654,-1,2014-07-22 13:00:00,2,53,110.317191,4.58,0.84,3,6.133605
603,608,654,-1,2014-07-22 12:45:00,2,52,115.902559,4.22,0.55,4,8.178140
603,608,654,-1,2014-07-22 12:30:00,2,51,83.465666,5.86,1.26,2,4.089070
603,608,654,-1,2014-07-22 12:15:00,2,50,143.014269,3.42,0.0,1,2.044535
603,608,654,-1,2014-07-22 12:00:00,2,49,273.245140,1.79,0.07,2,4.089070
603,608,654,-1,2014-07-22 11:45:00,2,48,252.948229,2.13,0.25,2,4.089070
603,608,654,-1,2014-07-22 11:30:00,2,47,328.260940,1.49,0.59,2,4.089070
603,608,654,-1,2014-07-22 11:15:00,2,46,286.670344,1.72,0.36,3,6.133605
603,608,654,-1,2014-07-22 11:00:00,2,45,267.272568,1.83,0.35,3,6.133605
603,608,654,-1,2014-07-22 10:45:00,2,44,321.983805,1.57,0.34,2,4.089070
603,608,654,-1,2014-07-22 10:30:00,2,43,321.983805,1.57,0.34,2,4.089070
603,608,654,-1,2014-07-22 10:15:00,2,42,277.902727,1.76,0.43,2,4.089070
603,608,654,-1,2014-07-22 10:00:00,2,41,414.498983,1.18,0.0,1,2.044535
603,608,654,-1,2014-07-22 09:45:00,2,40,175.938417,2.78,0.89,2,4.089070
603,608,654,-1,2014-07-22 09:30:00,2,39,305.693000,1.6,0.51,2,4.089070
603,608,654,-1,2014-07-22 09:15:00,2,38,175.859920,3.79,1.14,3,6.133605
603,608,654,-1,2014-07-22 09:00:00,2,37,63.520623,7.7,1.94,2,4.089070
603,608,654,-1,2014-07-22 08:45:00,2,36,233.772982,3.40,1.01,3,6.133605
603,608,654,-1,2014-07-22 08:30:00,2,35,158.287638,3.09,1.2,3,6.133605
603,608,654,-1,2014-07-22 08:15:00,2,34,187.842799,4.00,0.88,3,6.133605
603,608,654,-1,2014-07-22 08:00:00,2,33,407.590667,1.2,0.38,3,6.133605
603,608,654,-1,2014-07-22 07:45:00,2,32,121.972269,4.01,0.0,1,2.044535
603,608,654,-1,2014-07-22 07:30:00,2,31,172.886978,4.32,0.46,2,4.089070
603,608,654,-1,2014-07-22 07:15:00,2,30,172.886978,4.32,0.46,2,4.089070
603,608,654,-1,2014-07-22 07:00:00,2,29,82.065235,5.96,0.0,1,2.044535
603,608,654,-1,2014-07-22 06:45:00,2,28,79.919739,6.12,1.45,3,6.133605
603,608,654,-1,2014-07-22 06:30:00,2,27,79.529886,6.15,1.14,3,6.133605
603,608,654,-1,2014-07-22 06:15:00,2,26,78.007783,6.27,0.0,1,2.044535
603,608,654,-1,2014-07-22 06:00:00,2,25,110.622915,4.82,0.29,2,4.089070
603,608,654,-1,2014-07-22 05:45:00,2,24,110.622915,4.82,0.29,2,4.089070
603,608,654,-1,2014-07-22 05:30:00,2,23,110.622915,4.82,0.29,2,4.089070
603,608,654,-1,2014-07-22 05:15:00,2,22,146.002627,3.35,0.0,1,2.044535
603,608,654,-1,2014-07-22 05:00:00,2,21,138.951364,3.52,0.0,1,2.044535
603,608,654,-1,2014-07-22 04:45:00,2,20,156.129773,3.48,0.36,2,4.089070
603,608,654,-1,2014-07-22 04:30:00,2,19,97.432032,5.02,1.42,2,4.089070
603,608,654,-1,2014-07-22 04:15:00,2,18,242.133069,2.02,0.0,1,2.044535
603,608,654,-1,2014-07-22 04:00:00,2,17,150.655834,3.67,0.76,2,4.089070
603,608,654,-1,2014-07-22 03:45:00,2,16,151.897143,3.22,0.0,1,2.044535
603,608,654,-1,2014-07-22 03:30:00,2,15,164.037702,3.22,0.40,2,4.089070
603,608,654,-1,2014-07-22 03:15:00,2,14,164.037702,3.22,0.40,2,4.089070
603,608,654,-1,2014-07-22 03:00:00,2,13,164.037702,3.22,0.40,2,4.089070
603,608,654,-1,2014-07-22 02:45:00,2,12,111.161091,4.4,1.61,2,4.089070
603,608,654,-1,2014-07-22 02:30:00,2,11,150.175122,3.37,0.40,2,4.089070
603,608,654,-1,2014-07-22 02:15:00,2,10,150.959506,3.24,0.0,1,2.044535
603,608,654,-1,2014-07-22 02:00:00,2,9,186.682748,2.62,0.0,1,2.044535
603,608,654,-1,2014-07-22 01:45:00,2,8,141.773184,3.60,0.43,2,4.089070
603,608,654,-1,2014-07-22 01:30:00,2,7,112.438805,4.35,1.71,3,6.133605
603,608,654,-1,2014-07-22 01:15:00,2,6,117.011675,4.18,0.0,1,2.044535
603,608,654,-1,2014-07-22 01:00:00,2,5,191.807373,2.55,0.0,1,2.044535
603,608,654,-1,2014-07-22 00:45:00,2,4,142.009379,3.59,0.85,2,4.089070
603,608,654,-1,2014-07-22 00:30:00,2,3,142.009379,3.59,0.85,2,4.089070
603,608,654,-1,2014-07-22 00:15:00,2,2,141.360925,3.46,0.4,4,8.178140
603,608,654,-1,2014-07-22 00:00:00,2,1,117.857542,4.15,2.99,2,4.089070