linkID,enterNodeID,exitNodeID,travelDirection,startTravelTime,whichDay,whichPeriod,travelTime,meanSpeed,speedDeviation,flow,density
603,608,654,-1,2014-07-30 23:45:00,Wednesday,96,126.058969,3.88,0.03,2,4.089070
603,608,654,-1,2014-07-30 23:30:00,Wednesday,95,84.039313,5.82,1.27,2,4.089070
603,608,654,-1,2014-07-30 23:15:00,Wednesday,94,124.139289,3.94,0.52,2,4.089070
603,608,654,-1,2014-07-30 23:00:00,Wednesday,93,70.988215,6.89,0.0,1,2.044535
603,608,654,-1,2014-07-30 22:45:00,Wednesday,92,89.253431,5.48,1.0,3,6.133605
603,608,654,-1,2014-07-30 22:30:00,Wednesday,91,109.665650,4.46,0.18,2,4.089070
603,608,654,-1,2014-07-30 22:15:00,Wednesday,90,107.260702,4.56,0.66,3,6.133605
603,608,654,-1,2014-07-30 21:45:00,Wednesday,88,86.262575,5.67,1.53,3,6.133605
603,608,654,-1,2014-07-30 21:30:00,Wednesday,87,91.251642,5.36,1.37,4,8.178140
603,608,654,-1,2014-07-30 21:15:00,Wednesday,86,103.844756,4.71,1.31,3,6.133605
603,608,654,-1,2014-07-30 21:00:00,Wednesday,85,80.978278,6.04,0.0,1,2.044535
603,608,654,-1,2014-07-30 20:45:00,Wednesday,84,120.470148,4.06,0.48,3,6.133605
603,608,654,-1,2014-07-30 20:30:00,Wednesday,83,97.045397,5.04,1.02,4,8.178140
603,608,654,-1,2014-07-30 20:15:00,Wednesday,82,87.185169,5.61,1.22,3,6.133605
603,608,654,-1,2014-07-30 20:00:00,Wednesday,81,93.878848,5.21,4.44,2,4.089070
603,608,654,-1,2014-07-30 19:45:00,Wednesday,80,148.214788,3.3,1.09,2,4.089070
603,608,654,-1,2014-07-30 19:30:00,Wednesday,79,137.005266,3.57,0.0,1,2.044535
603,608,654,-1,2014-07-30 19:15:00,Wednesday,78,87.030036,5.62,0.85,2,4.089070
603,608,654,-1,2014-07-30 19:00:00,Wednesday,77,131.835256,3.71,0.0,1,2.044535
603,608,654,-1,2014-07-30 18:45:00,Wednesday,76,93.163581,5.25,1.45,3,6.133605
603,608,654,-1,2014-07-30 18:15:00,Wednesday,74,231.805118,2.11,0.0,1,2.044535
603,608,654,-1,2014-07-30 17:45:00,Wednesday,72,111.924211,4.37,1.77,2,4.089070
603,608,654,-1,2014-07-30 17:30:00,Wednesday,71,140.953545,3.47,0.07,2,4.089070
603,608,654,-1,2014-07-30 17:15:00,Wednesday,70,142.182791,3.44,0.0,1,2.044535
603,608,654,-1,2014-07-30 17:00:00,Wednesday,69,105.867706,4.62,1.26,2,4.089070
603,608,654,-1,2014-07-30 16:45:00,Wednesday,68,87.030036,5.62,0.0,1,2.044535
603,608,654,-1,2014-07-30 16:00:00,Wednesday,65,78.007783,6.27,0.0,1,2.044535
603,608,654,-1,2014-07-30 15:45:00,Wednesday,64,95.903686,5.1,0.59,2,4.089070
603,608,654,-1,2014-07-30 15:15:00,Wednesday,62,152.846500,3.2,1.48,2,4.089070
603,608,654,-1,2014-07-30 15:00:00,Wednesday,61,109.912090,4.45,0.0,1,2.044535
603,608,654,-1,2014-07-30 14:45:00,Wednesday,60,110.909025,4.41,2.07,3,6.133605
603,608,654,-1,2014-07-30 14:30:00,Wednesday,59,68.026259,7.19,0.0,1,2.044535
603,608,654,-1,2014-07-30 14:15:00,Wednesday,58,66.545415,7.35,0.94,3,6.133605
603,608,654,-1,2014-07-30 14:00:00,Wednesday,57,98.017796,4.99,0.0,1,2.044535
603,608,654,-1,2014-07-30 13:45:00,Wednesday,56,138.166328,3.54,0.2,2,4.089070
603,608,654,-1,2014-07-30 13:30:00,Wednesday,55,123.512323,3.96,1.94,3,6.133605
603,608,654,-1,2014-07-30 13:15:00,Wednesday,54,113.219630,4.32,0.56,3,6.133605
603,608,654,-1,2014-07-30 12:45:00,Wednesday,52,71.507135,6.84,1.02,2,4.089070
603,608,654,-1,2014-07-30 12:30:00,Wednesday,51,189.577054,2.58,1.74,3,6.133605
603,608,654,-1,2014-07-30 12:00:00,Wednesday,49,121.668856,4.02,0.95,3,6.133605
603,608,654,-1,2014-07-30 11:45:00,Wednesday,48,111.668676,4.38,0.54,2,4.089070
603,608,654,-1,2014-07-30 11:00:00,Wednesday,45,160.891053,3.04,1.65,2,4.089070
603,608,654,-1,2014-07-30 10:45:00,Wednesday,44,179.160733,2.73,0.16,3,6.133605
603,608,654,-1,2014-07-30 10:30:00,Wednesday,43,188.118769,2.6,0.0,1,2.044535
603,608,654,-1,2014-07-30 10:15:00,Wednesday,42,212.656000,2.3,0.09,2,4.089070
603,608,654,-1,2014-07-30 10:00:00,Wednesday,41,138.951364,3.52,0.3,2,4.089070
603,608,654,-1,2014-07-30 09:30:00,Wednesday,39,143.014269,3.42,0.53,2,4.089070
603,608,654,-1,2014-07-30 09:15:00,Wednesday,38,107.971038,4.53,0.0,1,2.044535
603,608,654,-1,2014-07-30 09:00:00,Wednesday,37,98.214618,4.98,0.18,3,6.133605
603,608,654,-1,2014-07-30 08:45:00,Wednesday,36,165.799593,2.95,1.61,3,6.133605
603,608,654,-1,2014-07-30 08:30:00,Wednesday,35,152.846500,3.2,0.23,4,8.178140
603,608,654,-1,2014-07-30 08:15:00,Wednesday,34,250.825026,1.95,0.37,3,6.133605
603,608,654,-1,2014-07-30 07:45:00,Wednesday,32,223.337352,2.19,0.0,1,2.044535
603,608,654,-1,2014-07-30 07:30:00,Wednesday,31,158.801558,3.08,0.22,2,4.089070
603,608,654,-1,2014-07-30 07:15:00,Wednesday,30,166.363537,2.94,0.56,2,4.089070
603,608,654,-1,2014-07-30 06:45:00,Wednesday,28,97.045397,5.04,0.11,2,4.089070
603,608,654,-1,2014-07-30 06:30:00,Wednesday,27,100.022249,4.89,0.0,1,2.044535
603,608,654,-1,2014-07-30 06:15:00,Wednesday,26,43.017485,11.37,0.0,1,2.044535
603,608,654,-1,2014-07-30 06:00:00,Wednesday,25,138.951364,3.52,0.0,1,2.044535
603,608,654,-1,2014-07-30 05:30:00,Wednesday,23,128.038953,3.82,0.0,1,2.044535
603,608,654,-1,2014-07-30 05:15:00,Wednesday,22,128.038953,3.82,0.0,1,2.044535
603,608,654,-1,2014-07-30 04:30:00,Wednesday,19,157.777032,3.1,0.0,1,2.044535
603,608,654,-1,2014-07-30 04:00:00,Wednesday,17,49.008898,9.98,0.0,1,2.044535
603,608,654,-1,2014-07-30 03:45:00,Wednesday,16,143.014269,3.42,0.0,1,2.044535
603,608,654,-1,2014-07-30 03:15:00,Wednesday,14,166.931331,2.93,0.0,1,2.044535
603,608,654,-1,2014-07-30 02:00:00,Wednesday,9,158.801558,3.08,0.0,1,2.044535
603,608,654,-1,2014-07-30 01:45:00,Wednesday,8,159.839477,3.06,0.58,3,6.133605
603,608,654,-1,2014-07-30 01:30:00,Wednesday,7,105.184688,4.65,3.01,3,6.133605
603,608,654,-1,2014-07-30 00:45:00,Wednesday,4,108.209912,4.52,0.95,3,6.133605
603,608,654,-1,2014-07-30 00:30:00,Wednesday,3,114.277757,4.28,0.1,2,4.089070
603,608,654,-1,2014-07-30 00:15:00,Wednesday,2,92.986464,5.26,0.0,1,2.044535
603,608,654,-1,2014-07-30 00:00:00,Wednesday,1,121.972269,4.01,0.07,2,4.089070